100 100
200
85 9
74 82
25 73
60 83
44 38
15 63
62 11
75 34
91 70
63 74
15 1
54 47
98 83
48 13
13 35
82 43
12 95
1 23
13 40
53 27
0 83
47 49
36 25
28 91
83 98
35 39
37 30
81 27
34 61
30 98
72 27
12 33
51 12
87 88
43 87
89 16
53 88
71 6
70 3
90 87
13 54
78 92
15 70
21 13
62 91
88 68
12 97
99 16
69 67
31 25
21 3
17 53
49 59
39 20
22 24
54 41
43 24
29 5
57 58
61 83
45 59
22 30
90 61
77 20
34 49
26 37
80 48
0 63
74 15
53 79
85 27
12 30
92 28
66 48
72 38
18 98
99 31
8 48
92 93
85 11
45 69
69 9
50 16
16 39
27 40
53 45
13 36
17 38
48 13
11 18
80 31
44 0
75 36
8 68
24 10
68 53
53 93
84 4
8 39
52 33
28 61
11 22
0 35
62 52
9 32
79 36
32 29
37 53
1 23
55 21
83 8
8 82
50 45
98 47
63 33
10 65
89 27
49 86
70 27
68 79
29 50
91 98
28 69
55 70
7 21
87 46
24 59
27 93
0 52
5 12
67 2
76 88
84 95
92 97
81 62
89 16
42 67
74 31
63 58
16 63
49 27
60 97
57 39
73 86
47 37
65 99
68 70
21 2
85 85
34 56
64 61
30 28
83 5
2 97
43 6
85 66
62 75
88 76
10 2
43 28
59 54
78 97
81 14
95 6
37 14
71 6
20 96
71 59
83 97
35 35
83 9
9 18
70 57
5 57
12 7
28 70
81 57
12 17
30 85
93 48
43 51
49 91
22 80
28 82
56 33
15 94
55 81
66 63
54 45
42 72
45 36
37 39
47 41
33 33
75 39
87 0
61 30
19 25
20 64
80 36
12 0
34 45
81 71
85 27
85 59
47 27
36 98
52 30
55 22
8 56
9 61
2 90
78 10
66 47
40 47
11 96
76 68
22 87
83 64
99 82
7 3
96 68
71 63
68 4
1 2
47 55
45 33
53 97
56 56
51 33
5 20
36 23
64 9
1 44
81 64
97 94
92 16
17 67
63 83
2 30
34 78
62 61
84 78
40 24
69 89
47 66
1 74
85 14
9 86
40 85
43 61
95 81
24 92
11 18
58 40
41 54
87 13
56 41
33 70
36 90
50 39
39 80
45 17
47 10
50 58
8 32
3 27
73 84
66 6
80 43
44 67
20 25
37 26
96 8
82 42
77 59
8 2
4 22
26 96
21 52
88 23
69 7
7 47
93 56
23 7
51 75
47 63
32 79
97 13
96 32
26 60
91 34
84 90
47 59
67 70
23 40
78 23
2 33
52 23
46 24
40 30
14 45
89 49
36 15
48 76
41 66
10 47
19 9
67 91
43 88
62 75
51 36
95 13
81 74
85 58
59 88
72 16
44 20
14 41
59 78
88 94
78 33
53 2
43 34
21 84
41 67
49 63
37 91
17 56
14 66
56 74
37 6
38 88
39 50
8 57
23 54
59 99
4 43
22 35
49 55
98 31
32 88
24 2
6 8
27 23
76 76
93 41
18 23
61 41
78 45
30 90
78 47
54 42
91 77
19 96
12 68
70 47
27 75
97 13
52 27
32 5
72 50
33 93
2 46
62 39
44 20
34 59
0 73
77 4
75 31
41 66
35 79
7 86
28 77
47 21
73 97
29 28
9 90
75 16
89 47
28 60
9 40
66 45
6 16
80 43
40 94
89 91
32 10
39 28
24 61
73 37
61 75
60 90
97 84
86 72
40 49
53 23
72 57
10 64
31 9
9 88
61 28
51 27
24 18
4 73
76 52
18 88
19 83
74 49
70 40
18 96
89 91
70 45
85 98
15 38
60 96
62 57
74 38
11 35
27 99
50 84
97 18
57 44
90 30
7 60
84 29
79 69
16 73
3 65
47 88
40 98
77 0
78 63
62 97
14 57
98 90
89 26
70 29
6 45
45 9
22 86
36 58
55 11
9 10
48 96
22 32
48 8
42 18
86 27
58 62
22 90
71 89
62 53
80 58
16 51
48 60
93 93
59 72
98 41
83 69
5 25
53 65
64 51
20 22
20 61
14 73
12 85
37 1
59 65
55 46
17 51
23 41
3 66
26 13
11 71
72 17
10 4
7 82
15 51
12 36
62 70
52 58
68 95
28 42
61 95
47 50
23 1
93 67
45 30
65 42
54 81
69 42
3 97
95 44
32 23
82 10
56 33
37 58
30 1
0 32