100 100
200
18 74
43 83
81 29
47 15
36 33
35 32
66 98
16 89
36 62
18 23
11 34
35 68
63 29
74 73
97 65
19 85
55 69
89 67
45 38
44 28
86 47
36 34
52 99
42 97
39 80
90 95
55 2
1 70
36 73
87 58
82 61
10 45
31 77
49 4
92 60
28 25
32 99
45 35
81 26
58 53
15 25
22 7
67 94
8 91
98 79
40 29
28 6
41 92
18 57
13 69
97 77
31 8
36 10
46 17
70 3
36 38
15 16
97 54
49 56
32 5
2 80
54 73
21 92
10 24
56 15
55 29
65 10
60 62
15 58
61 48
52 38
76 49
8 73
59 7
16 5
66 94
96 68
78 45
77 73
58 82
39 14
24 21
90 54
5 23
88 59
14 92
96 62
41 9
85 45
13 55
1 6
45 65
50 35
34 44
90 49
60 14
46 22
51 71
79 84
37 83
14 24
22 33
57 76
99 74
55 61
16 40
62 57
57 68
0 79
47 85
95 2
39 14
66 51
18 14
92 97
54 59
33 76
8 76
69 2
8 6
52 44
0 96
42 35
63 68
75 52
64 25
15 22
15 22
81 52
40 83
47 35
81 17
37 62
92 92
62 43
97 10
4 3
10 39
18 29
81 39
62 62
39 54
86 68
31 76
63 9
39 62
52 86
59 5
27 1
44 66
1 36
77 36
56 58
72 99
81 32
67 5
55 8
59 66
99 21
82 24
63 4
19 23
49 16
84 56
2 30
79 28
96 93
96 33
96 46
89 55
58 0
37 71
71 1
23 33
75 89
55 74
15 61
64 27
31 21
54 84
44 36
22 36
59 19
83 19
76 72
75 1
72 68
65 28
70 53
16 95
61 71
90 11
45 17
58 24
9 56
26 50
79 22
76 48
50 88
38 26
23 52
28 12
26 31
83 21
0 98
25 43
85 53
47 51
88 73
59 66
30 91
54 25
52 25
60 45
16 77
70 59
33 56
63 80
27 1
21 13
24 69
51 58
13 85
27 38
99 11
88 17
45 95
7 16
11 15
28 14
19 8
25 73
41 35
27 15
71 3
34 29
87 34
33 32
28 81
37 80
94 79
10 26
74 55
19 20
28 97
35 55
74 92
31 4
82 45
28 96
1 45
62 35
27 71
70 79
95 51
62 28
50 52
16 45
28 54
94 46
95 4
14 67
80 4
33 42
99 38
25 87
13 80
50 50
68 39
75 9
66 68
52 95
48 61
80 79
57 65
63 56
60 17
82 85
85 43
75 58
81 95
87 80
90 75
92 67
21 24
62 30
99 98
9 54
12 37
68 58
93 32
97 79
76 14
42 63
29 46
63 95
90 45
89 93
30 48
55 47
59 83
34 89
42 56
79 43
95 14
55 91
74 91
81 68
67 40
64 34
12 10
6 58
14 66
20 96
53 63
15 99
26 31
68 21
32 61
79 17
0 73
72 11
89 91
81 22
77 7
8 54
44 49
20 48
32 98
72 66
55 68
80 6
3 98
40 51
60 71
47 36
17 95
41 56
90 68
70 45
73 65
52 66
42 98
42 2
57 70
9 91
78 11
52 45
75 4
20 40
59 49
38 24
4 78
29 26
99 86
10 19
20 39
95 73
68 72
94 57
37 39
50 74
52 99
21 0
88 56
40 6
99 98
71 74
30 48
16 30
40 80
81 68
61 77
12 57
41 18
18 82
98 35
41 67
16 86
67 6
2 18
39 8
95 4
37 54
7 58
23 23
27 95
99 84
55 7
7 29
3 34
2 97
52 76
9 65
19 86
31 56
35 43
77 37
51 41
83 63
54 63
85 92
17 74
14 62
45 29
18 97
95 85
18 99
54 12
77 14
60 67
34 56
64 80
30 77
31 64
31 43
69 19
20 22
12 63
37 13
19 74
9 19
37 95
48 25
74 23
95 51
60 72
42 29
95 15
65 20
14 56
61 99
51 81
94 84
3 52
53 70
7 85
74 94
58 36
42 72
26 44
78 35
19 7
32 79
76 67
63 57
53 81
53 76
77 22
71 73
12 76
72 41
7 14
45 17
62 1
95 53
81 12
40 87
70 81
80 84
14 90
23 57
89 52
26 6
21 96
14 10
1 3
24 20
0 36
90 29
7 76
48 74
29 58
11 95
5 21
78 41
7 2
96 71
48 97
82 50
16 55
10 65
86 61
64 58
8 59
75 58
13 35
80 98
89 77
37 78
96 87
1 65
66 99
49 99
87 78
60 95
60 30
77 21
40 88
13 70