100 100
200
92 50
30 22
78 6
31 58
29 34
65 12
49 36
53 43
62 17
24 11
93 18
89 97
78 70
22 2
80 23
9 78
55 21
88 83
80 69
34 53
37 82
57 51
1 9
75 84
97 0
61 88
94 38
77 78
68 27
31 72
7 24
82 94
6 72
17 44
8 78
6 33
90 75
76 46
12 1
28 23
85 47
0 78
86 87
37 15
40 88
22 35
64 61
26 99
75 87
18 78
28 58
8 38
14 23
38 92
86 75
4 96
0 67
94 99
98 80
99 66
30 36
13 72
27 5
97 46
13 31
99 23
42 66
3 89
1 23
74 31
48 47
93 53
69 40
2 17
32 40
85 11
72 91
28 12
14 47
46 29
61 31
54 5
75 16
4 22
15 40
18 42
90 28
70 52
30 78
76 59
47 89
74 78
96 90
19 90
71 2
0 46
93 39
71 91
92 2
67 86
19 64
6 72
65 54
87 26
37 31
13 18
56 22
98 36
86 56
73 48
83 74
25 95
30 4
36 55
35 93
11 47
42 69
98 44
48 18
31 75
35 31
58 32
91 3
93 31
71 82
54 77
24 26
60 29
77 8
49 96
17 81
74 96
63 86
57 92
8 21
83 67
7 82
8 32
27 45
94 8
6 81
40 77
59 69
94 32
54 60
98 22
52 7
37 82
67 41
22 12
48 32
45 10
87 82
29 2
51 62
34 47
4 16
4 35
74 35
83 46
48 84
83 95
8 83
2 25
20 98
99 54
50 53
71 64
34 90
1 96
46 30
30 20
16 73
50 27
32 84
1 64
33 11
78 22
53 77
19 44
57 5
11 5
9 81
29 70
84 20
56 3
71 8
94 25
79 47
97 48
27 43
23 95
51 48
97 20
54 37
40 9
28 39
51 47
16 38
84 13
82 34
88 30
79 46
22 50
99 28
50 67
57 77
24 65
1 6
81 93
87 69
82 27
78 98
22 18
12 93
82 34
87 66
54 85
12 33
80 85
99 84
8 75
23 4
18 11
56 58
32 42
48 30
23 76
46 48
77 1
66 20
14 83
48 14
78 43
88 7
98 20
42 50
93 41
41 44
29 94
51 64
95 46
65 64
6 16
8 43
43 52
85 14
14 76
24 79
14 98
76 30
64 60
16 74
56 6
56 88
39 10
75 43
47 82
47 82
84 55
95 74
41 32
67 96
13 41
29 82
79 27
59 34
19 56
86 62
53 14
65 85
39 96
27 67
37 29
54 71
80 47
93 96
18 42
42 3
59 30
72 96
40 60
65 42
69 85
93 42
1 50
52 92
7 48
62 3
69 19
46 2
43 51
94 82
6 4
7 84
73 13
90 6
33 31
69 91
27 12
59 93
89 45
3 83
14 93
43 86
4 52
64 50
53 10
63 48
88 74
71 54
72 40
4 38
37 41
96 91
58 46
95 63
95 79
87 0
7 31
64 15
67 10
19 31
59 66
66 3
21 33
8 10
10 95
20 16
10 7
70 18
3 48
83 60
17 35
39 41
45 59
46 43
4 13
26 94
40 97
8 67
53 68
40 97
67 90
7 49
6 4
34 39
84 72
93 52
91 90
44 69
44 97
38 71
92 57
39 64
59 42
3 18
13 20
5 79
80 48
42 54
49 45
93 34
31 0
4 60
76 73
74 33
28 76
7 33
48 87
23 20
24 6
51 97
20 39
34 31
49 15
74 79
87 39
74 90
80 91
24 74
70 30
32 16
76 66
56 99
98 27
92 6
63 20
6 58
19 29
95 49
27 66
63 66
50 63
77 48
90 67
8 67
18 43
24 79
19 93
78 52
34 73
38 34
41 60
21 4
61 89
15 80
4 64
22 92
50 64
47 87
95 76
94 79
65 87
39 19
94 49
23 9
72 69
23 73
59 98
24 92
23 3
82 37
70 81
31 42
6 23
87 6
81 40
13 25
4 48
40 22
31 37
27 39
74 91
63 37
5 82
83 46
83 31
13 37
5 89
66 97
21 88
19 77
17 50
54 14
96 35
25 68
12 90
79 3
77 95
74 79
67 37
67 70
60 41
91 77
28 58
97 44
31 60
62 27
37 32
48 98
60 5
50 90
91 34
49 25
68 82
34 12
5 13
14 48
50 23
74 59
57 14
6 21
40 29
76 78
15 89
75 10
49 87
27 40
69 36
29 83
66 22
4 43
43 45
66 54
8 86
35 10
91 65
75 96
77 41
8 71
7 66
1 33
72 44
60 96
38 33
57 38
39 9
16 21
13 78